   0.0000000000000000e+00   1.0000000000000000e+00
   4.0000000000000001e-03   7.1428571428571430e-01
   8.0000000000000002e-03   5.1020408163265307e-01
   1.2000000000000000e-02   3.6443148688046650e-01
   1.6000000000000000e-02   2.6030820491461892e-01
   2.0000000000000000e-02   1.8593443208187066e-01
   2.4000000000000000e-02   1.3281030862990761e-01
   2.8000000000000001e-02   9.4864506164219736e-02
   3.2000000000000001e-02   6.7760361545871242e-02
   3.6000000000000004e-02   4.8400258247050888e-02
   4.0000000000000001e-02   3.4571613033607777e-02
   4.3999999999999997e-02   2.4694009309719843e-02
   4.8000000000000001e-02   1.7638578078371318e-02
   5.2000000000000005e-02   1.2598984341693799e-02
   5.6000000000000001e-02   8.9992745297812846e-03
   5.9999999999999998e-02   6.4280532355580604e-03
   6.4000000000000001e-02   4.5914665968271864e-03
   6.8000000000000005e-02   3.2796189977337049e-03
   7.2000000000000008e-02   2.3425849983812180e-03
   7.5999999999999998e-02   1.6732749988437271e-03
   8.0000000000000002e-02   1.1951964277455195e-03
   8.4000000000000005e-02   8.5371173410394251e-04
   8.7999999999999995e-02   6.0979409578853041e-04
   9.1999999999999998e-02   4.3556721127752178e-04
   9.6000000000000002e-02   3.1111943662680128e-04
   1.0000000000000001e-01   2.2222816901914380e-04
   1.0400000000000001e-01   1.5873440644224558e-04
   1.0800000000000000e-01   1.1338171888731828e-04
   1.1200000000000000e-01   8.0986942062370197e-05
   1.1600000000000001e-01   5.7847815758835858e-05
   1.2000000000000000e-01   4.1319868399168474e-05
   1.2400000000000000e-01   2.9514191713691769e-05
   1.2800000000000000e-01   2.1081565509779836e-05
   1.3200000000000001e-01   1.5058261078414169e-05
   1.3600000000000001e-01   1.0755900770295836e-05
   1.4000000000000001e-01   7.6827862644970259e-06
   1.4400000000000002e-01   5.4877044746407329e-06
   1.4799999999999999e-01   3.9197889104576662e-06
   1.5200000000000000e-01   2.7998492217554759e-06
   1.5600000000000000e-01   1.9998923012539113e-06
   1.6000000000000000e-01   1.4284945008956511e-06
   1.6400000000000001e-01   1.0203532149254651e-06
   1.6800000000000001e-01   7.2882372494676091e-07
   1.7200000000000001e-01   5.2058837496197215e-07
   1.7599999999999999e-01   3.7184883925855157e-07
   1.7999999999999999e-01   2.6560631375610827e-07
   1.8400000000000000e-01   1.8971879554007734e-07
   1.8800000000000000e-01   1.3551342538576955e-07
   1.9200000000000000e-01   9.6795303846978249e-08
   1.9600000000000001e-01   6.9139502747841606e-08
   2.0000000000000001e-01   4.9385359105601153e-08