   0.0000000000000000e+00   1.0000000000000000e+00
   1.4999999999999999e-02   4.0000000000000002e-01
   2.9999999999999999e-02   1.6000000000000000e-01
   4.4999999999999998e-02   6.4000000000000001e-02
   5.9999999999999998e-02   2.5600000000000001e-02
   7.4999999999999997e-02   1.0240000000000001e-02
   8.9999999999999997e-02   4.0960000000000007e-03
   1.0500000000000000e-01   1.6384000000000004e-03
   1.2000000000000000e-01   6.5536000000000012e-04
   1.3500000000000001e-01   2.6214400000000007e-04
   1.4999999999999999e-01   1.0485760000000003e-04
   1.6499999999999998e-01   4.1943040000000011e-05
   1.7999999999999999e-01   1.6777216000000003e-05
   1.9500000000000001e-01   6.7108864000000011e-06
   2.0999999999999999e-01   2.6843545600000004e-06
   