   0.0000000000000000e+00   1.0000000000000000e+00
   8.0000000000000002e-03   5.5555555555555558e-01
   1.6000000000000000e-02   3.0864197530864196e-01
   2.4000000000000000e-02   1.7146776406035663e-01
   3.2000000000000001e-02   9.5259868922420346e-02
   4.0000000000000001e-02   5.2922149401344633e-02
   4.8000000000000001e-02   2.9401194111858129e-02
   5.6000000000000001e-02   1.6333996728810071e-02
   6.4000000000000001e-02   9.0744426271167061e-03
   7.2000000000000008e-02   5.0413570150648363e-03
   8.0000000000000002e-02   2.8007538972582425e-03
   8.7999999999999995e-02   1.5559743873656902e-03
   9.6000000000000002e-02   8.6443021520316119e-04
   1.0400000000000001e-01   4.8023900844620064e-04
   1.1200000000000000e-01   2.6679944913677813e-04
   1.2000000000000000e-01   1.4822191618709895e-04
   1.2800000000000000e-01   8.2345508992832757e-05
   1.3600000000000001e-01   4.5747504996018195e-05
   1.4400000000000002e-01   2.5415280553343442e-05
   1.5200000000000000e-01   1.4119600307413023e-05
   1.6000000000000000e-01   7.8442223930072350e-06
   1.6800000000000001e-01   4.3579013294484636e-06
   1.7599999999999999e-01   2.4210562941380351e-06
   1.8400000000000000e-01   1.3450312745211307e-06
   1.9200000000000000e-01   7.4723959695618371e-07
   2.0000000000000001e-01   4.1513310942010207e-07