   0.0000000000000000e+00   1.0000000000000000e+00
   2.0100000000000000e-02   3.3222591362126247e-01
   4.0200000000000000e-02   1.1037405768148256e-01
   6.0299999999999999e-02   3.6669122153316469e-02
   8.0399999999999999e-02   1.2182432609075240e-02
   1.0050000000000001e-01   4.0473198036794821e-03
   1.2060000000000000e-01   1.3446245194948447e-03
   1.4069999999999999e-01   4.4671910946672582e-04
   1.6080000000000000e-01   1.4841166427465976e-04
   1.8090000000000001e-01   4.9306200755700921e-05
   2.0100000000000001e-01   1.6380797593256122e-05
  