   6.6323134676632067e-01   7.1181822079227675e-01
   3.3814692613566927e-01   7.2788801721456708e-01
   2.0348413589587150e-01  -1.1466539783156513e+00
  -1.0744997692399033e-02   2.4794623112091754e-01
   1.2136934752768104e-01   1.9251632542110594e-01
  -9.9489735445950078e-01  -1.0185903059916073e+00
   2.9422616342163321e-01   3.4936227582210400e+00
   2.1391515707239211e-01   5.4938876568118655e-01
   3.2625010644421482e-01  -1.2356667168653097e+00
   2.4014033566064180e-01   1.5278846422993086e+00
  -6.7821645783574233e-02   5.9284118041563705e-01
   3.7096915283468695e-01   7.8306121852234112e-01
   1.3461301495444360e+00  -5.0522459746524362e-01
   1.5669652547311064e-01   2.2984949488919165e-01
  -9.0595313211806106e-01   1.6403486357706965e-01
   6.2552689592191324e-01   2.6576190459048743e-01
   2.5616295750989371e-01  -9.4588425137297938e-01
  -7.7406982440349781e-01   1.4249540229895519e+00
   1.8972004622449093e-01   5.6296533391030723e-01
   1.6962409431495881e-01   2.8125962638347024e-01
   2.6800923830184181e-01   7.9928868858391600e-01
   4.7903283246428197e-01  -1.1107132300612674e+00
   4.0741668738831488e-01  -5.4811388236074710e-01
   5.3931439005807780e-01   1.4448061296740113e+00
   4.4330420794476227e-01   3.2903352116194839e+00
   1.9748403847762225e-01   1.0638203505825830e+00
   4.0881402560661245e-01   1.8146515542866304e+00
   3.9114578839481695e-01  -4.1385044077416056e-01
   2.5171846266266384e-01   4.4953176854493815e-01
   6.9174400092252386e-01   2.0729333320342751e+00
  -4.7987504776346207e-01   3.4533393937854973e+00
   1.0024281816607500e-01   8.7940263105447447e-01
   1.1921929917710306e+00  -1.8985591895968617e+00
   4.8438207627746582e-01   5.1426217205878222e-01
   1.6486022648547161e-01   4.5197895697373980e-01
   3.2688357074949725e-01   2.8627486725392770e-01
   3.0511618555989645e-01   1.4997290909074705e+00
   3.7591091716601704e-01   1.7069078879354276e+00
   4.9963349342657981e-01   1.9283119772294233e+00
   4.1063663940733053e-01   1.6306772098950355e+00
   4.7024983801254772e-01   4.0005857683356414e+00
   1.0874079972020181e+00   7.7912050351823359e-02
   5.0306041277297264e-01   1.4500981296767792e+00
   5.7600463142468972e-01   1.2813126670053316e+00
   5.1725764465728052e-01   2.4272259019873945e+00
   2.5255653042432891e-01   8.5098089538069899e-01
  -5.9636939296230373e-02   2.2639973644130493e+00
   4.7950670478477986e-01   1.5565182175088397e+00
   4.3869903361808699e-01   1.9190715544070933e+00
   4.9806519246044639e-01   2.4809112893312508e+00
   3.8425083407864380e-01   2.1757220002118478e+00
   8.2295364863635045e-01   2.7819110796192392e+00
   2.1479229862104465e-01   1.7467024018076187e+00
   5.3031346209002883e-01   1.4971889421140494e+00
   9.5917693412449245e-01   2.2469383323535421e+00
   5.5153795674119988e-01   2.4835977829367621e+00
   1.2385797700781402e+00   3.3271150305387698e+00
   1.8286366078662528e+00   2.0626316237154798e+00
   7.0195101000547666e-01   2.3564158328568459e+00
   5.4533924253564026e-01   2.2443082125869105e+00
   9.0254347146979608e-01   4.8465670706234949e+00
   3.5482628778218950e-02   1.0984021881961692e+00
   2.5909814521462935e+00   1.4023957256612700e+00
   1.1083721066520613e+00   2.8171231020480412e+00
   4.3211115201401634e-01   2.9850868526877030e+00
   7.3249451214289563e-01   2.2930617836318463e+00
   3.4161787220069162e-01   2.3801702511302807e+00
   1.0006594143662846e+00   2.2668529498520908e+00
   6.7360671703556674e-01   2.6691377384018304e+00
   3.1696972421147424e-01   2.1932216297392597e+00
   7.4533751012947336e-01   2.9332389773413454e+00
  -2.2322275851264983e-01   3.9487787790891882e+00
   4.9606332246777740e-01   2.6927735481256301e+00
   6.9846186995573589e-01   4.0573646295621124e+00
   4.1771997559206298e-01   3.5728664062002227e+00
  -1.6976810702962175e-01   4.1040021661236272e+00
  -5.9299452199787717e-01   3.1080229558680252e+00
   1.4884038753500450e-01   3.1319084748562909e+00
  -4.8573667149402699e-01   3.1197470095275421e+00
   6.5091566074581897e-01   9.7535379860573013e-01
   6.1427449813785895e-01   3.9366201832641083e+00
   7.1897231009164653e-01   5.5567703825004493e+00
   2.4995584453372919e+00   5.4365901965820971e+00
   9.2230192255571652e-01   1.9582832718586183e+00
   8.6719697158761189e-01   3.1188404717809397e+00
   2.1992683123581394e+00   2.7733539781719134e+00
   6.4245711467191269e-01   2.4039530854810325e+00
   8.9964761364232937e-01   4.8655031197841714e+00
   8.7880928242119238e-01   3.3807342621775769e+00
   7.9263911191157477e-01   4.8330690423344151e+00
   8.5733819555234791e-01   3.6847830175244831e+00
   1.9287858486241674e+00   5.1747321906780925e+00
   8.0738701084804743e-02   3.5817595884881386e+00
   1.1142413196635332e+00   3.6741709843006678e+00
   1.6742068293424976e+00   4.5351183289746810e+00
   9.4576299016523735e-01   3.2733292702194814e+00
   2.2658767730819753e+00   4.7803731450832245e+00
   1.3520786036385439e+00   1.4008010172570220e+00
   1.0727988741849237e+00   3.0998657138259262e+00
   4.4260270946309954e-01   5.6985562964711356e+00
   2.6241633853021251e-01   6.4467891770486130e+00
   1.4287169954689733e+00   4.1372259911870524e+00
   1.0304331914425970e+00   4.1704194655324462e+00
   1.6592442670389353e+00   4.4119935358273370e+00
   6.9173667971550257e-01   3.8423645679430480e+00
   1.4516204642684061e+00   3.2855743512208155e+00
   7.9844657262315777e-01   4.4520839975964748e+00
   3.6084124986661703e-01   4.4404278164889046e+00
   2.3008267548879564e+00   4.3554670331885799e+00
   1.3473717067748041e+00   4.2693330542119021e+00
   1.0641488248926469e+00   4.9786430488618194e+00
   1.6009105026875703e-01   4.5989762986883074e+00
   4.7502818225206977e-01   4.0629597038991339e+00
   7.0847473088626822e-01   5.0761906047753547e+00
   1.9294210580196411e+00   4.2304799600737413e+00
   1.6996504638635002e+00   4.5751275045810260e+00
   4.9312880137282045e-01   4.6809591668123600e+00
   1.9192684037041792e+00   4.6580771003456674e+00
   1.0027833946925842e+00   5.8092722128534531e+00
   1.8451060149409326e+00   5.3507757395993938e+00
  -3.2947344027750591e-01   4.7576881159689099e+00
   2.1813762296179111e+00   3.0142989597530914e+00
   1.0655440023150475e+00   7.2107384105201380e+00
   4.5797437729874302e-01   5.4948027401231823e+00
   1.3271820018909186e+00   5.2926300312874073e+00
   7.9253007866480263e-01   4.7043535330274340e+00
  -5.0632169877208089e-02   7.0391941251901615e+00
   5.8912039510106118e-01   5.5600671333140470e+00
   1.0601757148187310e+00   5.0785383591156590e+00
   1.4040203508279285e+00   6.2235056170879703e+00
   8.5408779360858889e-01   5.2207472851066745e+00
   1.6986719709067737e+00   7.6996292739081769e+00
   1.1023060216828484e+00   3.7748188371899110e+00
   9.4739259163414280e-01   5.5086417983095224e+00
   1.0843254308524424e+00   6.2718939792391941e+00
   1.3328350323046241e+00   6.4768719471061633e+00
   1.3296294812781073e+00   5.4096460391726140e+00
   1.4117220390735343e+00   4.6055317604192298e+00
   1.1675966229973882e+00   5.9878979870004052e+00
   1.7806429998404274e+00   8.2109482393077560e+00
   1.5324041378705937e+00   6.3257284880356703e+00
   1.4321500854912417e+00   4.1397124483300489e+00
   3.3207389542573118e-01   6.1139130803461290e+00
   1.0631857691470272e+00   5.4887961339961926e+00
   1.3559133694244503e+00   5.8990077270966976e+00
   1.4225389066141352e+00   5.9998687146122895e+00
   1.7216789758563695e+00   2.5084037572939213e+00
   3.9734100925412363e-01   6.0045462706602875e+00
   1.3584414423818028e+00   5.3429813773634063e+00
   1.7628543634285188e-01   4.7843888075386181e+00
   1.1251376106212934e+00   4.5305708202190518e+00
   1.1689624082174708e+00   6.5033612543330470e+00
   2.4736095847881550e+00   6.8648694744217398e+00
   1.7601713427883527e+00   6.8447131142717641e+00
   1.6427696553095767e+00   6.3947006621490718e+00
   1.4980281543026615e+00   6.4804985857967639e+00
   1.2028601371776941e+00   3.7813822742822421e+00
   1.7330421809205345e+00   5.3905532182526112e+00
   1.5847421430281416e+00   4.7519942647509215e+00
   9.7803234454646082e-01   6.2589590063707048e+00
   2.6478219766982827e+00   6.6134101599046033e+00
   1.4887290292018975e+00   4.7981255836889458e+00
   1.5616644178653460e+00   7.4338822917696472e+00
   1.7137421577223839e+00   6.9672523274029672e+00
   2.2171059289969248e+00   7.5704922646415556e+00
   1.6383553611203296e+00   6.5665011491380101e+00
   1.3074230797491309e+00   6.1137196504886511e+00
   1.4927446949172569e+00   8.5255164887231292e+00
   2.0527977013795922e+00   5.4924189927200588e+00
   1.6534204529169356e+00   6.9295055561404872e+00
   1.6856580008781545e+00   6.4666232930754965e+00
   2.0663596508439790e+00   6.5926934245574964e+00
   1.5719786633894630e+00   6.8612696841634140e+00
   1.9871029425578033e+00   7.9781420673888572e+00
   1.4394796559547065e+00   7.6714929641844103e+00
   1.7327222947619825e+00   7.2339733332978149e+00
   1.4740649859892831e+00   6.9184476211873616e+00
   1.7229761115970299e+00   7.3480391356601427e+00
   2.0344799079006428e+00   5.6493037647512354e+00
   1.8359077450193515e+00   6.4534180239748862e+00
   1.5456507133716446e+00   7.3579383913844767e+00
   2.0698105656008394e+00   7.3211650698312285e+00
   1.8020898613504839e+00   7.9933409469035679e+00
   1.4864051880991220e+00   7.3717370117915939e+00
   2.4182616484527850e+00   8.0927926929820302e+00
   1.9811938089199046e+00   6.9692518822826424e+00
   2.7688634740357321e+00   6.9419848293841291e+00
   1.6348826281355360e+00   8.1946344354064991e+00
   3.0526087221754157e+00   8.4577159279149310e+00
   2.1344911580342965e+00   6.6858590077944289e+00
   2.8420414411762218e+00   8.7194815038279838e+00
   1.3247292932621608e+00   7.0809920877168899e+00
   1.7400240021435642e+00   8.0183311050036661e+00
   1.6695590289990270e+00   6.4437794052293382e+00
   1.1676517370036157e+00   8.1943876144868142e+00
   2.3887589207459028e+00   7.7202887845842554e+00
   1.9995875379564683e+00   7.8332887779206537e+00
   2.0554162171559978e+00   8.1632528359151593e+00
   2.2568610329610586e+00   9.7795585742097533e+00
   3.7901437413841408e+00   7.1496763444600049e+00
   1.9895339268221053e+00   7.4204879539958544e+00
   1.8696353205538492e+00   7.6233288990745933e+00
   1.0124303085690518e+00   6.9821562316871768e+00
   1.6968441498907585e+00   8.7957229273182627e+00
   1.8388027628474299e+00   8.3800638333716009e+00
   3.1433658506454818e+00   7.9919623916254956e+00
   2.7148686189504883e+00   8.4360249286753017e+00
   2.2087986169876195e+00   1.0057416596409276e+01
   1.7826445990320057e+00   7.8899401621073171e+00
   2.1731514928148732e+00   7.7345816351457639e+00
   1.8298598205568841e+00   8.6966940427298702e+00
   2.0044805005829045e+00   9.4430508571139793e+00
   1.9873295707592795e+00   9.0675626102920432e+00
   2.3556916728422546e+00   8.8929835212168395e+00
   2.6140559019434919e+00   1.0953935331000590e+01
   2.5847626410134477e+00   8.0964668002431193e+00
   2.1146235118728112e+00   9.3779798157661656e+00
   1.8304742254378099e+00   8.3112356030223946e+00
   2.6847776353978445e+00   5.7203182112595155e+00
   2.0065601636841821e+00   8.9132869399262695e+00
   5.0369657546853586e-01   9.5703955020163747e+00
   2.2060318040406006e+00   1.0841039561417539e+01
   2.4211530044619303e+00   1.0035819809748052e+01
   2.1793542265926065e+00   8.5108739173052061e+00
   1.8380644846037757e+00   8.2036921768833562e+00
   2.1039984488736869e+00   8.9768010612215718e+00
   2.9237705962639922e+00   9.1731089393171548e+00
   1.1420200462575356e+00   1.1548829660640536e+01
   2.2070434103202632e+00   9.3239103834229908e+00
   1.7075034762617085e+00   1.0502120784940784e+01
   2.3102324482816310e+00   9.8388478354571109e+00
   2.4738337927515635e+00   9.5095086746348194e+00
   2.6644678201315291e+00   8.8291843959724527e+00
   3.1338480984234489e+00   8.3366931588582212e+00
   2.3452439357151436e+00   1.0491218855458955e+01
   2.4588101387457262e+00   9.1429222159793255e+00
   2.3813798725136870e+00   1.0699568213021333e+01
   3.5350058105093938e+00   9.8383004314789382e+00
   3.1355651330111813e+00   9.7372496966280355e+00
   2.2193246300508025e+00   1.0214951536507826e+01
   2.2081149293648514e+00   1.1233823907671898e+01
   2.5536524264936453e+00   9.7278137783954772e+00
   3.7095529953554651e-01   1.1955323557816772e+01
   2.6562598903475281e+00   1.0086529069821353e+01
   2.2212491973122588e+00   1.0411403539947747e+01
   1.8560582684032552e+00   9.9761261332912010e+00
   1.3299110220144559e+00   1.0421561671937926e+01
   2.3606824314695736e+00   1.0803493807362610e+01
   2.4509744212472095e+00   9.0874146311147470e+00
   2.7519628362105144e+00   9.1118425180937965e+00
   2.0273962979377145e+00   8.7259566493372951e+00
   2.2183743623269874e+00   1.0692367720595584e+01
   2.5329538686755564e+00   9.2286275711714332e+00
   3.0882786056580320e+00   1.1079227912059000e+01
   1.8573461741418806e+00   9.5855167750849830e+00
   2.2772674362853929e+00   1.0397885021737840e+01
   2.0151225649418349e+00   9.9354899474295451e+00
   2.9010422646479035e+00   1.0586595400156204e+01
   2.6449218939134105e+00   9.9090357078008164e+00
   3.1893196148741225e+00   1.0113704020616989e+01
   2.9594116815534552e+00   1.0524332156356179e+01
   2.6855018699390096e+00   1.0022301007604829e+01
   2.5038290707153807e+00   1.0289685094586963e+01
   3.2942975377812913e+00   1.0685330947905353e+01
   2.4675793773590784e+00   1.0745392099223373e+01
   3.3322498943804284e+00   9.9365813561291834e+00
   3.2164641834752628e+00   9.4850555310307119e+00
   1.3125103225088133e+00   1.0506977792699780e+01
   2.6930623427242724e+00   1.1387988793840830e+01
   1.4268074482804518e+00   1.0967459466831940e+01
   3.5489774544512365e+00   1.0977411205769444e+01
   2.2291933600272422e+00   8.7795305588613992e+00
   2.2145671920264625e+00   9.7828341413431801e+00
   1.4663660940667198e+00   1.0954668870821632e+01
   2.8297691482522604e+00   1.0334180029783683e+01
   2.2749475903749432e+00   1.0826931565105102e+01
   2.8490520621118032e+00   9.9225404519271176e+00
   3.0526529824788007e+00   1.3686426935027818e+01
   2.7490395181502576e+00   1.1554342695037697e+01
   1.4010300213851412e+00   1.2906844552564147e+01
   2.8412262170803473e+00   1.2325729653124148e+01
   2.8483765360375446e+00   1.0506368220134524e+01
   2.8259162052110858e+00   1.1167790962313138e+01
   2.9814703447724402e+00   1.2061767150001410e+01
   2.9187995622263685e+00   1.0976559431729715e+01
   3.0883379316634501e+00   1.1874728239337399e+01
   2.6010514888047913e+00   1.2138264392697804e+01
   2.9032866340896626e+00   1.0223962710537275e+01
   2.8795987950178694e+00   1.1715193641413105e+01
   2.9252603139281059e+00   1.1488071381802085e+01
   2.8775518702849503e+00   1.1778704563980764e+01
   2.8081910613999317e+00   1.0598400067110262e+01
   2.7528248265183191e+00   1.1709308049608014e+01
   2.4474934025062294e+00   1.2042810353847447e+01
   2.8136162146356813e+00   1.2210147588341998e+01
   2.4467478212620288e+00   1.2223590178194929e+01
   3.0841447181387895e+00   1.1937582483832726e+01
   2.9246568863688012e+00   1.2967579824676365e+01
   2.8468294295505663e+00   1.1012281877646764e+01
   2.3823446146673812e+00   1.0592678072976680e+01
   3.9678866178728653e+00   1.1423434508945649e+01
   2.9680487018170885e+00   1.5341656218953496e+01
   3.1540401014853918e+00   1.4276514450900804e+01
   2.8280429962979374e+00   1.2402137816595408e+01
   3.2203605801987987e+00   1.0294383316810489e+01
   3.3949811141975270e+00   1.1317322081016611e+01
   3.8932352370046899e+00   1.3130833882771995e+01
   2.2354000567750330e+00   1.4205168739713413e+01
   3.1448591297895194e+00   1.2558753742099421e+01
   1.6300339994982440e+00   1.1663257168235010e+01
   3.2578618805295321e+00   1.2251993329522683e+01
   2.9125945700537454e+00   1.2079306830175712e+01
   3.0304909953666090e+00   1.2236759262798419e+01
   2.7544664778409604e+00   1.1394869076877491e+01
   3.0484669681097052e+00   1.2453258223360613e+01
   8.6261405365856803e-01   1.5116130573498960e+01
   3.1902421792778988e+00   1.3242765556079249e+01
   3.7152508965978730e+00   1.0504633117912476e+01
   2.4966454976268926e+00   1.2585342689747240e+01
   4.5257729663208837e+00   1.1616290719997725e+01
   2.5257376336419961e+00   1.2528339600536320e+01
   2.8505008188196781e+00   1.4179068482639790e+01
   3.1539251233981069e+00   1.2838154441533963e+01
   3.7134727688942801e+00   1.2539079823607148e+01
   3.3403953877093429e+00   1.3479597337544241e+01
   3.2128944778862811e+00   1.5936511388387011e+01
   3.2691827696885003e+00   1.2822238453491092e+01
   2.7700415901702597e+00   1.0997748607687022e+01
   3.2067990901080292e+00   1.3054383447067256e+01
   3.1962260583070115e+00   1.3532932334065201e+01
   3.4847662813959310e+00   1.3712424251276996e+01
   3.3643146807435436e+00   1.3637692266350061e+01
   3.1074534130410085e+00   1.3365814210467203e+01
   2.6902827573971257e+00   1.3517345432814276e+01
   3.2599585734685972e+00   1.3162960344533293e+01
   2.1340702238783211e+00   1.2850995498516506e+01
   3.4498205600275784e+00   1.2936385705586599e+01
   2.5998850823916966e+00   1.3795295861132661e+01
   3.5144687213348562e+00   1.3695722881387999e+01
   3.4043876461522649e+00   1.3679474325656303e+01
   2.8626761713805533e+00   1.4633604310948138e+01
   2.3351832514886262e+00   1.3806031627323428e+01
   3.4514150193760695e+00   1.4484369769662496e+01
   3.5621630181431794e+00   1.4653906562073072e+01
   2.7120426402696109e+00   1.3547553170084147e+01
   3.5419194046096019e+00   1.3919794670178904e+01
   3.3405935725617075e+00   1.3333453032816296e+01
   3.6981155924297497e+00   1.3341209303587682e+01
   3.2423607874417004e+00   1.4807649766147742e+01
   3.6981028395266815e+00   1.2761593981456002e+01
   3.2600106874994510e+00   1.3074162171845909e+01
   3.5575853956331134e+00   1.4187608268001158e+01
   3.5373330047866811e+00   1.4186492294377526e+01
   3.6802675208788767e+00   1.2886405931790486e+01
   2.1351240870866466e+00   1.4383181429512488e+01
   3.4701053115154652e+00   1.5416855190205100e+01
   3.4985924375287820e+00   1.4685715983813150e+01
   3.5902535364695458e+00   1.4616309918335729e+01
   3.0448897931024481e+00   1.6177652898376547e+01
   3.7224918252957564e+00   1.5780569783172901e+01
   4.6211216729721780e+00   1.5659662625932789e+01
   3.2140859114939828e+00   1.1530258416777130e+01
   2.1626741707477279e+00   1.4681452335431331e+01
   3.6231481068331637e+00   1.3817442337515056e+01
   4.6986258388473123e+00   1.4888450063780583e+01
   4.7556046675590808e+00   1.5078553074983196e+01
   4.0258666061580195e+00   1.3229244574619596e+01
   3.6752392619195531e+00   1.4953181670012871e+01
   3.6793323757165703e+00   1.5415356028726878e+01
   3.8177821699882908e+00   1.3647938131438796e+01
   3.4934685052020038e+00   1.4721347559026569e+01
   3.6858309630009760e+00   1.5037334950813463e+01
   4.5431444417214735e+00   1.4649917157751121e+01
   3.2528096685776298e+00   1.5029500085664797e+01
   4.1634386380082686e+00   1.6048172328677282e+01
   3.7411280711870702e+00   1.6507004538347800e+01
   4.9959617910560308e+00   1.3667230343620714e+01
   3.7728036703356254e+00   1.5086707953861216e+01
   3.8095562027771397e+00   1.1615021268767425e+01
   4.0812760147045957e+00   1.5397671987685840e+01
   3.8558267204693455e+00   1.6623611431484019e+01
   3.9798567871292581e+00   1.5414777496067122e+01
   3.5619883286468723e+00   1.6383136202875349e+01
   3.5191186794804987e+00   1.5411116693537652e+01
   3.6684920267709091e+00   1.5686475744226179e+01
   3.5657400253024676e+00   1.5927847935329993e+01
   5.0201130807265413e+00   1.5459124980597419e+01
   3.6699416216024079e+00   1.5792075563962641e+01
   3.3760702743023590e+00   1.5805832944806999e+01
   3.8214134406627851e+00   1.5752997082117959e+01
   4.5642559730286143e+00   1.5057851246810310e+01
   3.1745179403378057e+00   1.5933571129516000e+01
   3.8553136908393961e+00   1.3832987564106082e+01
   5.7200488285754343e+00   1.6071228779295893e+01
   3.8550985760373528e+00   1.5975038561297216e+01
   4.1990067117055263e+00   1.4416598402872404e+01
   4.2834971869791039e+00   1.6935745331481563e+01
   3.9767778570358265e+00   1.6002801611792943e+01
   4.3793142269102177e+00   1.8151284575474524e+01
   3.8370969815772829e+00   1.5111931726547217e+01
   3.9785383696556074e+00   1.6064412164703175e+01
   3.8111690515626169e+00   1.5057584218769465e+01
   4.0315368484268266e+00   1.8617326990379045e+01
   3.9538719493198302e+00   1.7747830373523769e+01
   4.2617882851523499e+00   1.6370165981015191e+01
   3.5045342626590301e+00   1.5751569751710642e+01
   4.7588748535004299e+00   1.8589334593700389e+01
   4.0891656160754657e+00   1.5969584491855361e+01
   3.6387131164164908e+00   1.6492352507232681e+01
   4.7129239685512996e+00   1.5262785299294075e+01
   4.1166684984839099e+00   1.6465237852809128e+01
   4.1736541242624909e+00   1.7076455987475079e+01
   4.2086586336774019e+00   1.6340888959372691e+01
   3.0582248283122540e+00   1.8260631486543481e+01
   4.8962968469756172e+00   1.6302025801088874e+01
   4.7140650699602906e+00   1.6102339453759164e+01
   4.1788651346673777e+00   1.8170396616274914e+01
   4.8742145642676382e+00   1.6822144264743425e+01
   3.7198678763430388e+00   1.5676070252943294e+01
   5.1004344762063640e+00   1.7085731419995316e+01
   4.1736642835938351e+00   1.6610189822541617e+01
   3.8820602078406483e+00   1.5285876256728040e+01
   4.2608887839291247e+00   1.7047145184139399e+01
   3.8539098520973778e+00   1.8734324499040262e+01
   4.3333339753363331e+00   1.5763365229871299e+01
   4.6329805606676695e+00   1.7316773680904145e+01
   3.1395742163324947e+00   1.3549536100345835e+01
   4.2868490470370766e+00   1.7315075361006496e+01
   5.0229728423391249e+00   1.8140349661675440e+01
   4.9233128235865848e+00   1.8687562807879800e+01
   4.8609799580463466e+00   1.7447540305798821e+01
   4.2129279923338032e+00   2.1600891600073126e+01
   4.5280990521701057e+00   1.7427484130860599e+01
   4.9957676629832761e+00   1.4587821471087386e+01
   4.5269079258706810e+00   1.8107465663024502e+01
   4.0077531230716295e+00   1.7569886970854970e+01
   5.0262358447377320e+00   1.7144171234568510e+01
   4.3547183781000323e+00   1.7697664838798154e+01
   4.2487660991110223e+00   1.6816851340072436e+01
   4.4580640144230070e+00   1.8700628882125770e+01
   4.2216987442602747e+00   1.8904419737888855e+01
   3.1482025393600166e+00   1.8089545181683434e+01
   4.2458325762211970e+00   1.8056010121248512e+01
   4.6261479541325281e+00   1.8295020482218405e+01
   3.3948481133946831e+00   1.7522573567235789e+01
   4.7217101449350913e+00   1.6288449931799686e+01
   4.8150937547884718e+00   1.8368652671913946e+01
   5.2279463985145957e+00   1.5558460614040637e+01
   4.3074931883927086e+00   1.8586597223464391e+01
   4.5612176511410567e+00   1.7962054089310183e+01
   4.5147467024217711e+00   1.7944782646981221e+01
   5.4958608947939886e+00   1.8178909303133146e+01
   4.6023444207417779e+00   1.8487906662134279e+01
   4.5224172966662151e+00   1.9610188316392197e+01
   4.5409483581794285e+00   1.7742833929091514e+01
   4.5379797361820655e+00   1.8762575730561057e+01
   4.6772712549685558e+00   1.8489282789397500e+01
   4.6070200891157551e+00   1.8773779530124173e+01
   4.4996497281411099e+00   1.9459465508342220e+01
   4.3968616042029334e+00   1.9530917780855965e+01
   3.7248592759813119e+00   1.7114439615790150e+01
   5.0786014415232454e+00   1.7708343015400086e+01
   4.4906691964511314e+00   1.9538801787649273e+01
   3.5183912311679686e+00   1.7625757381388659e+01
   4.5812831398241354e+00   1.8925820780485999e+01
   4.0930692560517619e+00   1.9685343181855291e+01
   4.7731208435963799e+00   1.8761760417461758e+01
   4.1217525149949017e+00   1.8655737501710220e+01
   4.6484909505165648e+00   1.9260541864889667e+01
   5.3299503783489701e+00   2.0713058001009767e+01
   4.4414668140676383e+00   2.0181568375171970e+01
   5.1805621427031134e+00   1.9195846419644248e+01
   4.6152877699765105e+00   2.0001486490527796e+01
   4.6726013428631159e+00   1.8625334723728084e+01
   4.6697692045726802e+00   2.4188827775346361e+01
   4.8969571335555315e+00   1.9964006140951490e+01
   4.8883325216624955e+00   1.9523152292799885e+01
   5.4687714868210415e+00   1.9939370037188951e+01
   5.1713880685694313e+00   1.9420718640655444e+01
   4.4989740746509863e+00   1.9629440111968204e+01
   4.9837298479109622e+00   1.9351670807283604e+01
   4.2780654416018686e+00   1.9696335367926878e+01
   4.0994572111015453e+00   1.9540997493688085e+01
   5.1976816027145896e+00   2.0760572010645099e+01
   4.9922055197543012e+00   2.1558822132831757e+01
   4.7409342368679317e+00   2.0575171233070058e+01
   4.1018377162078377e+00   2.0864124083522860e+01
   3.8280794545582788e+00   2.0839032391198710e+01
   4.3003242972484639e+00   1.8596867044572321e+01
   5.4418051453952314e+00   2.1358990354345476e+01
   4.5324862037515166e+00   1.9006956273984564e+01
   4.9814386265704860e+00   2.0832671557326996e+01
   4.9123018593403716e+00   2.0959316143308921e+01
   4.8785310149220695e+00   1.7504174799809100e+01
   4.4236132603957028e+00   2.0164809064678511e+01
   5.4095192021679681e+00   1.9281236708803458e+01
   4.8903954999640966e+00   1.9048888733501617e+01
   5.7634015241409005e+00   2.0090781757003622e+01
   4.8458982099241057e+00   1.9846515647427413e+01
   4.7118708234368487e+00   2.0187801620240275e+01
   6.0171495607241177e+00   2.0392227531871026e+01
   4.5720554245509124e+00   2.0736708522930485e+01
   4.6622527516530852e+00   2.1488886910702814e+01
   5.7115118173400221e+00   2.1355553140412169e+01
   5.1932333948572529e+00   2.0253928453035272e+01
   5.0909186685933152e+00   2.2918450027661518e+01
   5.0459651118007978e+00   2.1399218488932277e+01
   5.9875949013414260e+00   2.0805705694413504e+01
   5.3631549376278418e+00   2.0820752403077126e+01
   5.1681455252801287e+00   2.0151278915306932e+01
   5.7778727960042628e+00   2.0649658088289659e+01
   4.7193176466474558e+00   2.0603443740044529e+01
   5.9324086992892928e+00   2.2092778623983900e+01
   4.8363437938500056e+00   2.0892244839364427e+01
   4.9790824641791387e+00   2.0264444946084605e+01
   6.6497472916029734e+00   1.9394023169605664e+01
   5.2110051089711877e+00   1.8692190369379261e+01
   4.7074736577696914e+00   2.2432616421085463e+01
   5.0046277488200532e+00   2.0903450098575284e+01
   5.8054352973679348e+00   2.1472620847747397e+01
   6.4066053503465819e+00   2.1125592496772907e+01
   5.5422763028024367e+00   2.2728263151860538e+01
   5.4751878835799133e+00   2.1212103272299647e+01
   7.3040825195578218e+00   2.2488944594770512e+01
   4.7013889732518841e+00   2.1440377393059194e+01
   5.2105991485871312e+00   2.0334234554941386e+01
   4.6179461286517380e+00   2.2487736624664073e+01
   4.7008001376335571e+00   2.2349676535240384e+01
   4.7918614083929727e+00   2.0124109476993500e+01
   5.7798245651364137e+00   2.0633829454384404e+01
   4.4276045324274635e+00   2.1078630365870968e+01
   4.7645658341782671e+00   2.1536261365617801e+01
   5.4487355015819050e+00   2.0453184770386834e+01
   5.6275334904531773e+00   2.1619419164379231e+01
   4.5613565206465960e+00   2.1404485278796610e+01
   5.4681545973141086e+00   2.4795811845299344e+01
   5.2091574233581017e+00   2.1573900090626779e+01
   5.4224460948088113e+00   2.2521882502623530e+01
   5.1390553138992834e+00   2.0834681591585653e+01
   5.2875151536140583e+00   2.0863848588098104e+01
   5.4124314954682102e+00   2.1875611222361577e+01
   4.4558661011623313e+00   2.1950499967740448e+01
   5.5113765887181820e+00   2.1948910650068033e+01
   6.5952062798459838e+00   2.2444166030043981e+01
   5.4516254661809054e+00   2.2987520693698418e+01
   5.4611369639435097e+00   2.0467097917777775e+01
   5.3974395513666975e+00   1.9397046309983171e+01
   3.5391814202921590e+00   2.1652911926970173e+01
   5.6354899786069765e+00   2.1059059971465793e+01
   6.1971806577840098e+00   2.2386386943632584e+01
   5.5566758473171562e+00   2.0752633795754438e+01
   3.4905481294357261e+00   2.3126540953956095e+01
   5.5626721331514828e+00   2.1967936545566868e+01
   4.9691201019247027e+00   2.2472812042726975e+01
   5.7775815129223220e+00   2.1733597555926828e+01
   4.6988540856511074e+00   2.2103515702786076e+01
   5.5676298384732323e+00   2.2922317488574400e+01
   5.5819282065180822e+00   2.2922456077078007e+01
   5.6287093133059045e+00   2.2733397726969464e+01
   5.9593251352523042e+00   2.3811155720672325e+01
   5.8007159207643060e+00   2.2701716379514160e+01
   4.2957566077840621e+00   2.0705178121632006e+01
   5.4572417490898557e+00   2.3334486952847275e+01
   5.1139249263517916e+00   2.3015354472600926e+01
   6.1212796266338314e+00   2.2353273809141804e+01
   5.7297072934174418e+00   2.2873688593958786e+01
   6.8106035379473076e+00   2.2504429803540770e+01
   5.3441509880425802e+00   2.2342626191102745e+01
   6.0975593935540937e+00   2.4443304336521738e+01
   6.2421956663747054e+00   2.2633062784138929e+01
   5.1857042382155178e+00   2.3116032225975708e+01
   5.7799427630969937e+00   2.3632515176017169e+01
   6.0117852979931010e+00   2.3550492684275785e+01
   5.6653171396385913e+00   2.3165623350759322e+01
   5.9629539733145167e+00   2.5326288034125994e+01
   5.8140627909077578e+00   2.1497378800499838e+01
   5.7356135555900849e+00   2.4068135827072272e+01
   5.7750379830549790e+00   2.0567471955239746e+01
   5.7418364857560711e+00   2.3355861061617908e+01
   4.9056378307702886e+00   2.3576024072782126e+01
   7.3880415333846043e+00   2.4482271734945776e+01
   6.1619928595835551e+00   2.3016983960157866e+01
   4.9919155848924257e+00   2.7199610864870483e+01
   5.8468047314837435e+00   2.5931195209491154e+01
   5.7196412270510750e+00   2.2441012164700147e+01
   6.2653051599180749e+00   2.3697122680586979e+01
   5.6864336797641029e+00   2.1843181505244814e+01
   5.6706865462725515e+00   2.2674002927232063e+01
   6.3642460515985437e+00   2.3674496917232709e+01
   5.7397809588260378e+00   2.5893446635611891e+01
   5.2760551538387377e+00   2.3946108052106155e+01
   5.2802204035063438e+00   2.3938588166338299e+01
   5.4674947216131340e+00   2.2032987536190344e+01
   5.3376627372304748e+00   2.4482037270756287e+01
   5.8025469211661846e+00   2.3793903061301055e+01
   5.4426849033155413e+00   2.5220171417391551e+01
   5.7286434756209861e+00   2.4135496705007892e+01
   5.6629519962268606e+00   2.2949104969646285e+01
   6.2573390917326384e+00   2.4947200100081211e+01
   4.0267873105278023e+00   2.4239102368628370e+01
   6.3993395627837462e+00   2.3771212261882834e+01
   6.0963551338701532e+00   2.4096140241323223e+01
   6.1513644218395074e+00   2.4421786552907477e+01
   4.9668725490909136e+00   2.4635493266515461e+01
   6.0673537715117636e+00   2.4381613832903973e+01
   6.0579486888927585e+00   2.6141346886787304e+01
   6.0309919576096354e+00   2.4580102336916294e+01
   6.3977173230202311e+00   2.1990268050166666e+01
   5.3341915412979937e+00   2.2811554785197895e+01
   6.1382661248803396e+00   2.3122006006721698e+01
   6.3251882226610912e+00   2.4556426088208823e+01
   6.1099963544142764e+00   2.7755266687929698e+01
   6.7508887511991835e+00   2.4149858980205213e+01
   6.4031259436517463e+00   2.4763173277612498e+01
   6.6942159488197941e+00   2.4860623440742902e+01
   6.2721629563907975e+00   2.4459651105473132e+01
   5.4408771324413747e+00   2.4829944604411704e+01
   5.8242374297339667e+00   2.3492522664960461e+01
   6.6937690030360475e+00   2.4232269194954693e+01
   7.1546086422291726e+00   2.5456134237725141e+01
   6.3519304283198581e+00   2.5001667275546072e+01
   5.7156898770634914e+00   2.5296895653763826e+01
   6.4049530627221412e+00   2.4670542199373042e+01
   6.9733821403934968e+00   2.5820976418067513e+01
   7.0072378700287388e+00   2.5990364244529754e+01
   5.3425286392142981e+00   2.5711685532197986e+01
   6.6879689468381587e+00   2.5641972395720742e+01
   6.2902915679451743e+00   2.4963376473221441e+01
   5.9664191489550538e+00   2.5445035783897772e+01
   5.1260889610037594e+00   2.5629910962362128e+01
   7.1118870808542258e+00   2.6256182422262896e+01
   6.8925718962813747e+00   2.5660334618973902e+01
   6.7682052085943596e+00   2.5830185742336390e+01
   6.0085474524146969e+00   2.6802721244770503e+01
   5.0633508823598365e+00   2.5402607796501844e+01
   7.1921530140324874e+00   2.6072494016073438e+01
   6.6791236805893668e+00   2.5682675005895092e+01
   6.2352925674721016e+00   2.5280961358910719e+01
   6.8652127519152053e+00   2.5841194914079782e+01
   5.4931069171942513e+00   2.4744714627527326e+01
   6.4191948152392815e+00   2.6037445351385109e+01
   6.2990567672869942e+00   2.6390257601470612e+01
   4.6901674920720033e+00   2.5207370025081079e+01
   7.3257604988029446e+00   2.5821740048563925e+01
   4.9343328617293700e+00   2.7062401286604334e+01
   6.3189135977494466e+00   2.6206878043345707e+01
   6.7797310343799611e+00   2.5749509510272638e+01
   6.4722764493359630e+00   2.7411910716906206e+01
   6.5367760651216598e+00   2.6387584743040691e+01
   5.6396084338030175e+00   2.6726976465805109e+01
   6.5053357580973818e+00   2.6385809137400951e+01
   6.6875713001888517e+00   2.6230843891274386e+01
   6.5615085011506737e+00   2.6235581883623855e+01
   5.8688146909575618e+00   2.6518466307239258e+01
   6.5513606588748550e+00   2.4904159601836966e+01
   6.6672879917897925e+00   2.5340695181736361e+01
   6.8944009444480692e+00   2.6982179987974138e+01
   6.8282211914855120e+00   2.7070664622883029e+01
   7.4121474494707629e+00   2.6508226893351480e+01
   6.7111053322242871e+00   2.6575977218015449e+01
   6.6315354761191321e+00   2.6538972165231584e+01
   6.3510628838537100e+00   2.7614841824448188e+01
   6.1896291632251090e+00   2.9812493394172215e+01
   6.9896447041946352e+00   2.6831619837130287e+01
   6.6511343188585021e+00   2.5650182848417142e+01
   5.0490311053626336e+00   2.7132353142404565e+01
   7.1865729556570148e+00   2.5787894432835142e+01
   6.4669876904474153e+00   2.6300937428722978e+01
   7.7460059894534448e+00   3.0456883101178597e+01
   6.7916186772801872e+00   2.6816682047046221e+01
   6.2940143788219531e+00   2.6409669060463624e+01
   6.7263096261265245e+00   2.6800200344619228e+01
   6.8074347236966686e+00   2.5374114978563576e+01
   6.5175214282568419e+00   2.7529512848534647e+01
   7.8879280994532275e+00   2.6362701431035525e+01
   6.7215592753932922e+00   2.5753629081380776e+01
   7.0739471411785440e+00   2.7053840687230444e+01
   6.9885259142982701e+00   2.9738966618789433e+01
   8.2922442703331178e+00   2.7472355185473802e+01
   6.8312668210868042e+00   2.7154996664172923e+01
   6.7797769250312907e+00   2.7485823903139249e+01
   7.2719528429061961e+00   2.6965020988469760e+01
   6.8833305859688059e+00   2.8574977281598024e+01
   7.3665816576669432e+00   2.7912909673611306e+01
   7.3093448444520241e+00   2.7636997954699464e+01
   6.6851085565438293e+00   2.7587187677445737e+01
   7.0615694214121962e+00   2.8575243479445497e+01
   7.3239333114478748e+00   2.8523406042788714e+01
   6.9078788325493932e+00   2.7905377422549222e+01
   6.8405758589430805e+00   2.7875205113477392e+01
   9.1143652323046442e+00   2.8059627777046199e+01
   8.0409831601812289e+00   2.5927977538069751e+01
   5.7604934839543382e+00   2.7917854844660329e+01
   7.2890978681561887e+00   2.9040545358509000e+01
   6.6746207489535818e+00   2.8463541144638622e+01
   6.2610854239092681e+00   2.7544478547768140e+01
   7.3577783222507369e+00   2.7343039497043183e+01
   5.8987928528336919e+00   2.7922292448276377e+01
   6.5953140975166260e+00   2.8274581908324826e+01
   5.8737258045630902e+00   2.9072647274850677e+01
   6.7691393195805949e+00   2.4418262604864783e+01
   6.9013605981474084e+00   2.8905261455185599e+01
   6.6522525952651348e+00   2.7812186584042209e+01
   6.2667143873490732e+00   2.9457281594597550e+01
   7.3757602743094148e+00   2.7852656728712820e+01
   8.2597185513382030e+00   2.8561411739049383e+01
   6.3631810504822779e+00   2.8789895415961411e+01
   6.9970118897388236e+00   2.8499059388499010e+01
   7.2829342333177296e+00   2.9412212299038114e+01
   7.3738828697388543e+00   2.8524075507666705e+01
   6.9165533364448022e+00   2.7377245736245335e+01
   7.2417590762071047e+00   2.9384422992973828e+01
   6.8220855127082380e+00   2.7853176502551843e+01
   7.0765670521779800e+00   2.8943472589411265e+01
   7.0491255697157307e+00   2.9933157534231697e+01
   7.1968879225957734e+00   3.0694687728538391e+01
   6.5222294142081871e+00   2.8922683860665121e+01
   7.1256782219362362e+00   2.7905090431265066e+01
   6.9982055850530571e+00   3.0868129918870519e+01
   7.5593574997950341e+00   2.8021927918381060e+01
   7.2693318643727887e+00   2.7361756188501953e+01
   7.3959615447992633e+00   2.9780764302354719e+01
   8.7101399212460997e+00   2.9221381610811477e+01
   7.2293516838104752e+00   3.0282015973583466e+01
   7.2111216710024468e+00   2.9308094580213673e+01
   7.2210217528663980e+00   2.9358309152724075e+01
   7.7288911838197398e+00   3.0987000681192235e+01
   6.3871561674626438e+00   2.9409153613706522e+01
   7.3815103994291285e+00   2.9776370984353939e+01
   7.2836964264636723e+00   2.9514766754421508e+01
   7.7747149688237709e+00   2.9583489684394024e+01
   6.8331155359435991e+00   3.1213665392938786e+01
   7.4162020473372294e+00   2.9479282744557818e+01
   7.6434866591566006e+00   3.0733548318293852e+01
   7.4593317744650225e+00   3.1118522438533020e+01
   7.7631751633573760e+00   3.0220518178897489e+01
   7.1424642425990452e+00   3.0926955770139038e+01
   7.4969359615037741e+00   3.1400059116800428e+01
   7.9228549178184853e+00   2.9228087239570890e+01
   7.2631604535999568e+00   2.6779460373378118e+01
   7.3945854964775339e+00   2.8995241385307033e+01
   7.7051237307956439e+00   3.0020561403540253e+01
   6.9014283324389591e+00   2.9775544548315501e+01
   7.6693569493126459e+00   3.1367612204345658e+01
   6.2638625426537473e+00   2.9556719462229459e+01
   8.1096416248069936e+00   3.0219765652739493e+01
   9.0667705689764269e+00   3.1952499419552900e+01
   7.2874064602779152e+00   3.0745070425074271e+01
   7.4804202127041011e+00   2.9772031357918614e+01
   7.9773337901660311e+00   2.9975629327454751e+01
   8.1580561152035092e+00   2.9592404777383852e+01
   7.7301077010794250e+00   3.0750012934879479e+01
   7.3427214041869870e+00   2.9026567408786768e+01
   7.0415036703193543e+00   2.8567016397473630e+01
   7.4230022605644308e+00   2.9977872629443517e+01
   7.4862003615304964e+00   3.0593127209429529e+01
   6.7289764045728422e+00   3.0091600086911143e+01
   7.5522365018317545e+00   3.0734543564191551e+01
   6.6143304352067460e+00   3.1652143119810269e+01
   7.2996197859814052e+00   2.9438447948174517e+01
   7.5092420911385060e+00   2.8342831907079983e+01
   7.6338013397096072e+00   3.0974527757629605e+01
   7.6159622789218790e+00   3.0891318662758799e+01
   6.6276611365149174e+00   3.1213692402198554e+01
   7.6812094503102033e+00   3.0343511306982876e+01
   7.6420421655798911e+00   3.0858663403067077e+01
   6.8315343116125193e+00   3.3634538400939540e+01
   8.1063994882115757e+00   3.1350930501469680e+01
   6.3688264440957019e+00   3.1348469565616838e+01
   8.0693671242206477e+00   3.0847080497204473e+01
   7.7053805382811129e+00   3.1022027297437290e+01
   8.1624428947905621e+00   3.2191724715838241e+01
   6.9233426299575163e+00   3.6568526742924469e+01
   7.5129713421322650e+00   3.1334858246833591e+01
   7.9191489802594672e+00   3.3635663668331652e+01
   8.0330969827953140e+00   3.3331796785585617e+01
   7.5407729558624359e+00   3.1490258448702036e+01
   7.9626293810972255e+00   3.4452934818865501e+01
   8.2779728944171733e+00   3.2088981850403250e+01
   7.5795831064187125e+00   3.2033254021233304e+01
   6.8732231140233093e+00   3.1469194666897849e+01
   7.9465122016719256e+00   3.1615140853714724e+01
   8.5523710619390609e+00   3.1373753097730606e+01
   7.6873135042550418e+00   3.1804268399497502e+01
   7.9012300691701096e+00   3.1066884888780066e+01
   7.8184192543304798e+00   2.9126923663585867e+01
   8.1375984975256657e+00   3.0749750265032354e+01
   8.5215813714436450e+00   3.1421859836372022e+01
   7.7360677692477040e+00   3.1759355788995340e+01
   8.6464378710539211e+00   3.1219645598931869e+01
   7.6484376888592820e+00   3.1822209734059953e+01
   8.7439234569988589e+00   3.2665610545760494e+01
   9.0790900530180618e+00   3.1939521457725505e+01
   7.9361005961206139e+00   3.3433873982060156e+01
   9.8983152792406202e+00   3.2839230032661852e+01
   8.0896898634439882e+00   3.2071479958848712e+01
   7.9250326105120026e+00   3.1704030073899510e+01
   7.7172677825719669e+00   3.3344879801105748e+01
   8.0109928772216197e+00   3.2284001191905858e+01
   8.1672776581086630e+00   3.2706601973165974e+01
   8.2032885639925297e+00   3.2371037386707464e+01
   8.4189821407049692e+00   3.2319974824294377e+01
   7.2997893876091444e+00   3.2706612887021038e+01
   7.6557288773615060e+00   3.2510925994391123e+01
   6.6026217594185086e+00   3.2119360435965561e+01
   7.5647369263888908e+00   3.1534826022374464e+01
   1.1063913838654285e+01   3.2980574005892613e+01
   8.1957151421109131e+00   3.2585056711704773e+01
   6.6068662233547553e+00   3.2277641292312069e+01
   7.5306995562019248e+00   3.3322101256003421e+01
   8.2103423969490645e+00   3.0650114293313905e+01
   8.3169640956701940e+00   3.3254542398166627e+01
   8.8310139331420690e+00   3.3517822650463636e+01
   7.6798287905488198e+00   3.2894511593191474e+01
   8.1420265419620126e+00   3.3586599443042282e+01
   8.8666024222989748e+00   3.2647236604799659e+01
   7.5226609706361636e+00   3.2947096328575967e+01
   8.1229362755021839e+00   3.3289854494071186e+01
   8.1643545745602335e+00   3.4030095828549030e+01
   8.8852511040107682e+00   3.2389534384421914e+01
   8.3502183705617519e+00   3.3082788422061391e+01
   7.9902481266158363e+00   3.3451799236898239e+01
   8.8851455949617701e+00   3.3214029710073220e+01
   8.0514264717393296e+00   3.3479444792112069e+01
   8.2969245044881923e+00   3.2245882086730319e+01
   8.3540858255545931e+00   3.1566198442843014e+01
   7.9804946561478411e+00   3.3483127012086058e+01
   8.1979558886706538e+00   3.3611144812644099e+01
   9.1382631639557523e+00   3.3959463291917714e+01
   8.5098785268955233e+00   3.4433435351975938e+01
   8.2357188322770281e+00   3.3557189539922966e+01
   8.3738146208616797e+00   3.2370540739356642e+01
   8.3365705155084893e+00   3.5271822025592883e+01
   8.2216800294793639e+00   3.6864278460453306e+01
   8.1523961928648880e+00   3.3400326701984682e+01
   8.0787144695857034e+00   3.2239500291723310e+01
   7.6577972299303632e+00   3.3890951126997194e+01
   8.0084534739162976e+00   3.3357746209224970e+01
   8.4019354178946504e+00   3.3861671786819656e+01
   8.8534153341562032e+00   3.6556828763991419e+01
   8.2780872232834373e+00   3.3912628070462041e+01
   7.9318544363714079e+00   3.4152151689126960e+01
   8.1518038222414955e+00   3.2895589148813720e+01
   8.4997881984420793e+00   3.4568234632369709e+01
   8.8935174513244153e+00   3.3796486370226745e+01
   8.7956046945785165e+00   3.2660483617004978e+01
   7.7260347555594526e+00   3.3814226823908648e+01
   7.8510970907945223e+00   3.5499998294491490e+01
   8.3084469248088499e+00   3.4884282763019399e+01
   7.6765367101389179e+00   3.5931116113249189e+01
   8.3506035375307341e+00   3.4046578991656304e+01
   8.4901142366105979e+00   3.4485496118321173e+01
   8.8017022651557966e+00   3.4352394826039998e+01
   9.1357477418713842e+00   3.2496131168411438e+01
   8.3116877945857421e+00   3.3502601934344220e+01
   8.7607714428586583e+00   3.5414516611966881e+01
   8.1044127488539512e+00   3.6237956643401517e+01
   8.6738443968710133e+00   3.5185195151081722e+01
   8.7072052011844150e+00   3.4793821472726250e+01
   8.6217387296771690e+00   3.6878495379915087e+01
   8.8652723350491236e+00   3.4660000831317895e+01
   8.7681019161753326e+00   3.4899990193592707e+01
   8.5665171646121880e+00   3.6355377759468034e+01
   7.8493213745479151e+00   3.8005087562063395e+01
   8.8638506155780465e+00   3.5216668852906587e+01
   7.6984874460008417e+00   3.5140289287611999e+01
   9.1204992941160032e+00   3.4759185589751461e+01
   8.3657556555216850e+00   3.6445776779597274e+01
   8.6367360713513541e+00   3.5237120375109036e+01
   1.0609708107905439e+01   3.4908034133848922e+01
   8.8791340965170988e+00   3.5216400330607406e+01
   8.3649564228411730e+00   3.5496152350312862e+01
   8.1896527257825191e+00   3.3521897175594461e+01
   7.9228446873022129e+00   3.7246387774445878e+01
   8.7223730307917950e+00   3.5150886921378458e+01
   9.2096982148507252e+00   3.7739780292571773e+01
   7.8067165365074320e+00   3.7242899935483017e+01
   8.7002803849230315e+00   3.4962766667387889e+01
   8.8918327914530515e+00   3.5164854131003288e+01
   8.4982005485856345e+00   3.7137475303262256e+01
   9.2500273067422718e+00   3.5575841715285762e+01
   9.2497385650236126e+00   3.6278068092016596e+01
   8.7799880941804656e+00   3.5614154030269148e+01
   9.1223127590630373e+00   3.6404208779030938e+01
   8.9408919060674386e+00   3.5451676937367282e+01
   8.7322584319108127e+00   3.5517320592431062e+01
   8.7861449810295138e+00   3.4888377651219230e+01
   8.7424679389529274e+00   3.6277961020781660e+01
   9.7720736067931320e+00   3.6163237393150112e+01
   8.5447047134468814e+00   3.5849758967448437e+01
   8.5709447123258347e+00   3.7078188065839214e+01
   8.8442247023431904e+00   3.6771473142015466e+01
   8.1740372165550497e+00   3.8546814511339370e+01
   8.7115353003238347e+00   3.6757403266635244e+01
   8.4168143538325975e+00   3.5512490173203489e+01
   9.0542477921870397e+00   3.6238402921162965e+01
   7.3158912934267040e+00   3.6682479409647975e+01
   9.0450186625095874e+00   3.7152204028210924e+01
   9.6780010032354138e+00   3.5317036975949520e+01
   9.3907549694855881e+00   3.6103162297215789e+01
   9.0991141488548575e+00   3.6672915692514522e+01
   8.9314392563460530e+00   3.6636814322659788e+01
   1.0763422442454935e+01   3.6173483051446212e+01
   7.6397859138626609e+00   3.6452650195690580e+01
   8.4785389205165522e+00   3.7050804506480880e+01
   8.8485893906275201e+00   3.6098489094212830e+01
   8.9333879573299324e+00   3.7546163062423744e+01
   7.5492429397748513e+00   3.6809106814714148e+01
   8.4382130410006990e+00   3.5470474292297737e+01
   9.4812972135516045e+00   3.7088863075523577e+01
   9.2993257796460238e+00   3.8583449533679868e+01
   9.0791019792272714e+00   3.6758422693952390e+01
   8.3683523893517826e+00   3.7334785518731394e+01
   9.1529972797949277e+00   3.4892314682628019e+01
   9.5268965767922307e+00   3.7188457613833158e+01
   7.4034739541106536e+00   3.7317513570143213e+01
   9.3042289443975630e+00   3.6988907185509476e+01
   8.9254127267747112e+00   3.8462152064246034e+01
   1.0315369451677745e+01   3.5749337686236224e+01
   9.6181920186763126e+00   4.2171771506144012e+01
   9.4537908617623270e+00   3.6023864373348758e+01
   9.4051168779145797e+00   3.7636051817469827e+01
   9.1188271913228949e+00   3.8364626742515803e+01
   8.1553697429069132e+00   3.7752994404611407e+01
   8.3859329699134086e+00   3.5782630208432927e+01
   9.2529543519635915e+00   3.7691539700216538e+01
   8.9519771011668432e+00   3.6769860690627212e+01
   9.1853925277453268e+00   3.7001760665701909e+01
   9.1936042968468286e+00   4.0044366963800087e+01
   9.3195687605906521e+00   3.7373346737375819e+01
   9.3540762977961336e+00   3.7365358873417158e+01
   9.6449982856425347e+00   3.8668258324469711e+01
   1.0145188920518864e+01   3.7959272614405414e+01
   8.5740886558548723e+00   3.7687346905106658e+01
   9.3409713585254348e+00   3.9240237784703659e+01
   1.0201258348653361e+01   3.7900074504046216e+01
   9.4345912426744203e+00   3.8225686328170298e+01
   9.7224643190164315e+00   3.7234188770250682e+01
   9.4317118577769516e+00   3.7896602894970258e+01
   8.4986739905496478e+00   3.7986904439008249e+01
   9.3115927408191244e+00   3.7928208546285198e+01
   1.0682350863646539e+01   3.9398001400231124e+01
   9.0012813914356169e+00   3.9602520285927248e+01
   1.0687182944956561e+01   3.9788120251147959e+01
   9.1724905665349290e+00   3.8233972820667617e+01
   1.0357789530471758e+01   3.8694595481838014e+01
   9.5944652058692625e+00   3.8171386413386827e+01
   9.8760937651655016e+00   3.8873698667213631e+01
   9.4104525384307305e+00   3.8429599144582411e+01
   9.7874638076962999e+00   3.6761064468827563e+01
   8.9261871403077961e+00   3.8397467699449635e+01
   9.4925034541661617e+00   3.9845926942760968e+01
   1.0022414615099011e+01   3.8882561604990912e+01
   7.6520608011059483e+00   3.7750827140741166e+01
   9.3707650936264208e+00   3.7878596543327653e+01
   9.5130584623661463e+00   3.8948937914414522e+01
   9.8507449666658093e+00   3.9015569584698483e+01
   1.0572991961068800e+01   3.8621119653917731e+01
   9.2623203817638924e+00   4.1833299161743014e+01
   9.6812357318799869e+00   3.8729994610247623e+01
   1.0589586059010125e+01   3.8227697179803236e+01
   8.5356187008333677e+00   3.9071767205142379e+01
   1.0255822273430523e+01   3.8035137127148793e+01
   9.5996807967631437e+00   4.1137537936363870e+01
   1.0351491260644273e+01   3.8522022068096710e+01
   9.7620697768560660e+00   3.9110313504679169e+01
   9.7205149324489515e+00   3.9190032536004750e+01
   1.0982376098953807e+01   4.1431959151540113e+01
   8.4574915289815493e+00   3.8129602885911417e+01
   9.8933095596006311e+00   3.9561009000513110e+01
   1.0480659432602447e+01   3.9166818795586437e+01
   9.8498129348690782e+00   3.8924336141189386e+01
   1.0732257947482360e+01   3.9509791884315668e+01
   9.2168662270173112e+00   3.9483472542805089e+01
   1.0192063593754124e+01   3.8710816877930931e+01
   9.8422648858275110e+00   4.0330309310780038e+01
   1.1630181195436379e+01   3.9595243582769463e+01
   9.9176992579068699e+00   3.8563505581608560e+01
   9.8398695174273509e+00   3.9795794657640670e+01
   8.8491158094497138e+00   3.9478541618810823e+01
   8.9469225375964232e+00   3.8758750515994080e+01
   9.6105588585322312e+00   4.1833917373064509e+01
   9.8912640525973519e+00   3.8559409815958560e+01
   9.8603608071513502e+00   3.9235925950418903e+01
   9.7080822051524063e+00   3.7060488170439022e+01
   1.0083194198018505e+01   3.9877895419640531e+01
   9.7132963947229829e+00   4.0803931786493891e+01
   9.8832723315719093e+00   4.0484192158049353e+01
   1.0062655603560676e+01   3.9900758347156462e+01
   1.0105454506992768e+01   3.9661762004016452e+01
   9.9163170169534123e+00   3.9786972620150458e+01
   9.6429581485169749e+00   3.9677643079832443e+01
   9.9416424080563122e+00   4.0573248396480537e+01
   9.9969212797710281e+00   3.9687999618792084e+01
   1.0344198453146044e+01   4.0937312449862887e+01
   9.9442283888400507e+00   4.0196234310453534e+01
   1.0035311801848799e+01   3.9700464924855581e+01
   9.9636223457683730e+00   4.0994082472734711e+01
   1.0169492521012293e+01   4.0426324686985581e+01
   9.7098862478516246e+00   3.8262360486732526e+01
