   0.0000000000000000e+00   1.0000000000000000e+00
   1.4999999999999999e-02  -5.0000000000000000e-01
   2.9999999999999999e-02   2.5000000000000000e-01
   4.4999999999999998e-02  -1.2500000000000000e-01
   5.9999999999999998e-02   6.2500000000000000e-02
   7.4999999999999997e-02  -3.1250000000000000e-02
   8.9999999999999997e-02   1.5625000000000000e-02
   1.0500000000000000e-01  -7.8125000000000000e-03
   1.2000000000000000e-01   3.9062500000000000e-03
   1.3500000000000001e-01  -1.9531250000000000e-03
   1.4999999999999999e-01   9.7656250000000000e-04
   1.6499999999999998e-01  -4.8828125000000000e-04
   1.7999999999999999e-01   2.4414062500000000e-04
   1.9500000000000001e-01  -1.2207031250000000e-04
   2.0999999999999999e-01   6.1035156250000000e-05