   0.0000000000000000e+00   1.0000000000000000e+00
   4.0000000000000001e-03   5.9999999999999998e-01
   8.0000000000000002e-03   3.5999999999999999e-01
   1.2000000000000000e-02   2.1600000000000000e-01
   1.6000000000000000e-02   1.2959999999999999e-01
   2.0000000000000000e-02   7.7759999999999996e-02
   2.4000000000000000e-02   4.6655999999999996e-02
   2.8000000000000001e-02   2.7993599999999997e-02
   3.2000000000000001e-02   1.6796159999999997e-02
   3.6000000000000004e-02   1.0077695999999997e-02
   4.0000000000000001e-02   6.0466175999999983e-03
   4.3999999999999997e-02   3.6279705599999990e-03
   4.8000000000000001e-02   2.1767823359999990e-03
   5.2000000000000005e-02   1.3060694015999993e-03
   5.6000000000000001e-02   7.8364164095999955e-04
   5.9999999999999998e-02   4.7018498457599973e-04
   6.4000000000000001e-02   2.8211099074559984e-04
   6.8000000000000005e-02   1.6926659444735988e-04
   7.2000000000000008e-02   1.0155995666841592e-04
   7.5999999999999998e-02   6.0935974001049551e-05
   8.0000000000000002e-02   3.6561584400629727e-05
   8.4000000000000005e-02   2.1936950640377833e-05
   8.7999999999999995e-02   1.3162170384226700e-05
   9.1999999999999998e-02   7.8973022305360207e-06
   9.6000000000000002e-02   4.7383813383216117e-06
   1.0000000000000001e-01   2.8430288029929672e-06
   1.0400000000000001e-01   1.7058172817957802e-06
   1.0800000000000000e-01   1.0234903690774681e-06
   1.1200000000000000e-01   6.1409422144648089e-07
   1.1600000000000001e-01   3.6845653286788851e-07
   1.2000000000000000e-01   2.2107391972073309e-07
   1.2400000000000000e-01   1.3264435183243985e-07
   1.2800000000000000e-01   7.9586611099463904e-08
   1.3200000000000001e-01   4.7751966659678344e-08
   1.3600000000000001e-01   2.8651179995807006e-08
   1.4000000000000001e-01   1.7190707997484204e-08
   1.4400000000000002e-01   1.0314424798490523e-08
   1.4799999999999999e-01   6.1886548790943137e-09
   1.5200000000000000e-01   3.7131929274565881e-09
   1.5600000000000000e-01   2.2279157564739528e-09
   1.6000000000000000e-01   1.3367494538843717e-09
   1.6400000000000001e-01   8.0204967233062296e-10
   1.6800000000000001e-01   4.8122980339837377e-10
   1.7200000000000001e-01   2.8873788203902424e-10
   1.7599999999999999e-01   1.7324272922341454e-10
   1.7999999999999999e-01   1.0394563753404872e-10
   1.8400000000000000e-01   6.2367382520429227e-11
   1.8800000000000000e-01   3.7420429512257535e-11
   1.9200000000000000e-01   2.2452257707354520e-11
   1.9600000000000001e-01   1.3471354624412710e-11
   2.0000000000000001e-01   8.0828127746476263e-12
   