   0.0000000000000000e+00   1.0000000000000000e+00
   2.0100000000000000e-02  -1.0099999999999998e+00
   4.0200000000000000e-02   1.0200999999999998e+00
   6.0299999999999999e-02  -1.0303009999999997e+00
   8.0399999999999999e-02   1.0406040099999996e+00
   1.0050000000000001e-01  -1.0510100500999995e+00
   1.2060000000000000e-01   1.0615201506009995e+00
   1.4069999999999999e-01  -1.0721353521070092e+00
   1.6080000000000000e-01   1.0828567056280791e+00
   1.8090000000000001e-01  -1.0936852726843598e+00
   2.0100000000000001e-01   1.1046221254112032e+00