   0.0000000000000000e+00   1.0000000000000000e+00
   8.0000000000000002e-03   1.9999999999999996e-01
   1.6000000000000000e-02   3.9999999999999980e-02
   2.4000000000000000e-02   7.9999999999999932e-03
   3.2000000000000001e-02   1.5999999999999981e-03
   4.0000000000000001e-02   3.1999999999999954e-04
   4.8000000000000001e-02   6.3999999999999875e-05
   5.6000000000000001e-02   1.2799999999999972e-05
   6.4000000000000001e-02   2.5599999999999941e-06
   7.2000000000000008e-02   5.1199999999999866e-07
   8.0000000000000002e-02   1.0239999999999970e-07
   8.7999999999999995e-02   2.0479999999999929e-08
   9.6000000000000002e-02   4.0959999999999859e-09
   1.0400000000000001e-01   8.1919999999999692e-10
   1.1200000000000000e-01   1.6383999999999930e-10
   1.2000000000000000e-01   3.2767999999999860e-11
   1.2800000000000000e-01   6.5535999999999708e-12
   1.3600000000000001e-01   1.3107199999999938e-12
   1.4400000000000002e-01   2.6214399999999881e-13
   1.5200000000000000e-01   5.2428799999999746e-14
   1.6000000000000000e-01   1.0485759999999944e-14
   1.6800000000000001e-01   2.0971519999999892e-15
   1.7599999999999999e-01   4.1943039999999775e-16
   1.8400000000000000e-01   8.3886079999999541e-17
   1.9200000000000000e-01   1.6777215999999903e-17
   2.0000000000000001e-01   3.3554431999999797e-18
   